1904   469.70   432.06   41.50   102.48
1905   469.70   432.06   41.50   102.48
1906   960.53   185.63   176.89   19.39
1907   541.14   -154.63   25.90   23.64
1908   484.65   -196.11   16.55   13.25
1909   567.56   -339.95   21.24   12.52
1910   732.28   -506.45   33.32   19.24
1911   881.11   -859.88   34.02   26.26
1912   1319.04   -1005.80   109.98   26.37
1913   731.92   -1228.74   49.66   25.69
1914   922.80   -932.42   29.04   36.48
1915   708.42   -780.97   55.48   27.18
1916   823.50   -529.36   84.24   20.32
1917   -362.84   -364.86   37.38   12.96
1918   -561.85   270.45   106.11   13.39
1919   -620.84   422.12   104.30   27.40
1920   -665.26   803.40   30.39   32.90
1921   -1208.68   985.16   40.83   22.21
1922   -1214.93   834.92   127.56   46.97
1923   -1129.86   1162.11   73.95   21.75
1924   -749.25   1166.55   65.68   19.16
1925   -736.51   908.72   141.49   25.93
1926   -355.96   467.86   31.42   18.15
1927   -369.14   374.18   22.91   89.70
1928   272.08   -324.47   39.92   9.93
1929   279.10   -381.88   13.74   9.45
1930   581.68   -393.26   80.49   14.01
1931   869.44   -611.43   73.66   13.77
1932   867.07   -1071.61   88.61   21.79
1933   1164.24   -925.69   131.76   23.14
1934   1007.67   -998.68   35.34   22.91
1935   708.54   -696.61   30.80   13.11
1936   575.89   -694.80   20.62   17.51
1937   312.25   181.89   14.94   9.14
1938   -175.99   207.46   10.41   9.61
1939   -291.85   241.06   21.22   10.65
1940   -606.74   409.19   17.33   12.00
1941   -881.34   758.25   146.45   25.31
1942   -1183.81   700.07   93.47   24.88
1943   -1780.35   1111.39   133.06   32.09
1944   -1686.21   1415.39   96.95   218.71
1945   -1706.15   768.48   127.10   38.23
1946   -665.71   371.57   28.78   17.32
1947   210.37   219.52   19.14   12.72
1948   325.55   170.43   162.20   10.78
1949   337.91   -109.90   74.72   8.09
1950   282.29   -122.11   13.97   7.92
1951   884.83   -487.26   41.03   24.77
1952   1844.31   -824.27   64.33   29.46
1953   1895.84   -1021.40   65.09   28.51
1954   2293.00   -1180.62   201.95   95.05
1955   1223.57   -1029.83   46.20   38.58
1956   935.43   -634.23   57.85   18.95
1957   279.08   -528.47   20.77   23.12
1958   -133.81   59.40   8.87   4.45
1959   -172.48   367.28   57.12   57.13
1960   -841.71   108.82   121.01   6.75
1961   -1206.97   572.58   98.36   50.53
1962   -1647.98   580.91   171.68   63.55
1963   -2029.21   384.52   198.86   27.49
1964   -1516.59   530.90   142.20   33.33
1965   -1083.49   930.60   133.61   60.73
1966   -866.19   594.43   125.29   77.88
1967   -641.31   517.92   107.66   39.50
1968   -574.45   443.59   147.11   25.89
1969   -472.17   492.17   101.62   23.17
1970   -505.88   -186.33   169.63   30.52
1971   148.14   -370.40   9.63   47.74
1972   473.17   -288.25   49.43   29.66
1973   774.31   -665.05   105.04   26.97
1974   716.52   -1119.81   84.95   46.08
1975   618.23   -1292.31   85.13   81.08
1976   748.04   -1426.79   78.10   65.98
1977   663.17   -1274.81   184.04   72.56
1978   686.79   -1055.94   125.60   86.72
1979   304.86   -514.95   112.60   48.74
1980   -45.52   -97.91   13.90   22.88
1981   -78.23   -92.92   34.09   20.31
1982   -138.41   205.40   25.90   27.85
1983   -620.25   122.72   114.77   12.75
1984   -171.67   312.57   25.37   19.59
1985   -621.21   960.52   203.00   44.81
1986   -198.67   750.09   48.29   136.31
1987   -541.94   734.88   288.96   50.15
1988   -378.96   640.83   76.28   50.74
1989   -90.72   326.82   32.96   31.92
1990   59.61   198.09   53.67   30.95
1991   13.13   45.96   3.49   21.40
1992   93.44   -59.50   21.04   9.72
1993   71.79   -466.20   32.70   34.99
1994   160.63   -508.29   48.25   43.10
1995   618.10   -621.51   166.56   53.39
1996   288.23   -843.84   132.13   100.99
1997   235.89   -842.81   nan   248.60
1998   182.16   -562.23   26.58   113.95
1999   18.39   -308.98   4.87   26.42
2000   -73.64   -129.38   27.16   17.15
2001   -43.40   -146.17   9.93   40.55
2002   -103.76   230.75   22.63   24.90
2003   -76.86   269.15   25.43   43.07
2004   -850.02   306.65   294.68   53.49
2005   -148.71   385.88   44.41   53.92
2006   -606.79   617.89   468.31   72.41
2007   -606.79   617.89   468.31   72.41
