1904   2002.03   1348.05   124.07   202.00
1905   2002.03   1348.05   124.07   202.00
1906   3323.86   886.16   439.50   83.65
1907   2516.68   -828.54   89.17   112.86
1908   2295.98   -1246.80   57.13   61.31
1909   2590.93   -2096.23   60.96   50.91
1910   3119.82   -2470.04   104.87   78.93
1911   3772.21   -3699.19   82.30   91.27
1912   4785.20   -3831.55   245.10   82.93
1913   3556.19   -4533.72   125.06   74.84
1914   4060.60   -3557.70   141.90   112.30
1915   2482.52   -3446.62   108.31   87.44
1916   2932.05   -2335.28   219.02   52.82
1917   -1759.60   1670.88   77.33   113.19
1918   -2553.44   1679.72   220.02   56.67
1919   -2811.78   2419.64   208.76   95.25
1920   -3145.94   3463.51   99.79   88.26
1921   -4976.48   3676.87   130.44   69.14
1922   -5064.29   2747.10   372.38   118.72
1923   -4222.89   4478.00   219.10   59.75
1924   -2922.47   4063.38   228.56   51.20
1925   -2451.67   3160.01   265.97   66.65
1926   -1698.14   1905.83   95.42   55.53
1927   -1917.15   -1805.49   97.52   162.33
1928   1382.70   -1883.46   65.94   45.30
1929   1932.21   -1924.59   89.56   40.22
1930   2564.85   -1771.24   169.19   48.04
1931   3523.10   -3067.38   231.71   56.37
1932   3335.27   -4003.23   157.54   63.51
1933   4738.95   -3859.75   409.23   70.34
1934   3983.01   -3769.09   81.21   58.36
1935   3165.16   -3051.77   102.18   43.60
1936   2349.49   -2740.96   52.47   51.61
1937   1602.66   1017.16   47.69   29.83
1938   -1356.48   1525.36   39.87   43.93
1939   -1775.03   1320.35   46.16   35.36
1940   -2518.49   1882.36   56.15   55.20
1941   -3196.31   2622.21   289.92   79.72
1942   -3920.38   2684.13   221.45   67.14
1943   -5931.26   3489.97   362.25   98.17
1944   -5444.49   4824.91   191.65   578.87
1945   -5269.19   2788.95   268.32   164.44
1946   -2029.67   1357.30   75.64   61.89
1947   879.83   804.42   87.82   47.22
1948   1487.13   1314.27   540.26   53.37
1949   1555.65   629.42   364.16   27.85
1950   2262.73   -576.12   73.42   28.72
1951   4269.65   -2175.44   95.22   80.39
1952   6331.33   -3323.28   142.64   91.79
1953   5923.53   -3752.73   134.46   82.65
1954   7315.55   -3841.39   447.85   201.00
1955   5007.22   -4131.90   137.02   140.15
1956   2882.08   -2575.09   108.00   74.56
1957   1160.91   -1541.99   61.62   70.71
1958   -1032.83   -1317.15   46.42   48.52
1959   -1650.27   -1394.68   145.40   189.26
1960   -4432.70   468.81   450.85   22.05
1961   -4530.94   2388.07   319.69   154.82
1962   -5220.76   2474.14   447.68   154.33
1963   -5632.97   1954.65   424.00   148.52
1964   -4605.69   2093.32   293.64   87.27
1965   -3768.81   3430.87   279.69   175.85
1966   -3140.43   2170.28   342.60   169.08
1967   -2260.76   2381.23   218.10   169.66
1968   -1931.38   1764.47   264.69   65.69
1969   -2197.87   1874.04   151.66   78.72
1970   -2129.64   -1363.36   536.17   175.73
1971   1098.60   -1772.18   50.64   90.76
1972   1962.17   -1270.15   124.94   87.44
1973   2681.62   -2721.34   336.89   103.04
1974   3082.41   -4986.55   321.40   213.55
1975   2158.84   -4674.88   181.85   326.40
1976   3427.79   -5208.41   228.31   207.32
1977   2836.38   -4820.35   559.98   204.08
1978   2527.43   -3879.60   338.99   212.22
1979   1005.66   -1740.53   258.85   119.67
1980   -600.12   -602.23   61.68   55.06
1981   -500.22   -1722.88   130.72   154.49
1982   -899.40   1322.97   125.62   78.72
1983   -2530.02   1413.75   256.25   83.48
1984   -1282.14   1840.23   104.60   95.15
1985   -2203.78   4522.15   578.12   198.54
1986   -1353.96   4727.92   225.88   486.09
1987   -1630.39   3775.85   300.99   152.59
1988   -1293.15   3234.75   137.92   164.27
1989   -518.29   1242.14   80.10   114.14
1990   430.74   1358.94   62.55   122.11
1991   213.56   331.90   37.56   50.47
1992   834.74   -980.50   78.68   102.64
1993   741.58   -2769.75   200.21   103.87
1994   685.51   -2642.54   128.79   325.21
1995   2565.43   -1940.47   525.22   159.17
1996   1062.85   -3857.70   404.74   248.60
1997   1895.55   -2607.00   nan   756.69
1998   747.00   -2547.98   92.25   337.32
1999   303.35   -1369.55   31.74   60.84
2000   -483.24   -1030.73   128.27   78.73
2001   -376.67   -684.88   56.47   95.58
2002   -600.34   1406.31   95.35   108.25
2003   -439.85   2320.34   71.86   348.62
2004   -3438.49   2474.87   1033.47   436.42
2005   -761.33   2643.02   118.41   265.57
2006   -2900.85   2924.96   1785.42   332.66
2007   -2900.85   2924.96   1785.42   332.66
