1907 01 1907.042   94.9   8.7    31  
1907 02 1907.123   91.6   8.5    28  
1907 03 1907.204   94.0   8.7    31  
1907 04 1907.288   99.4   8.9    30  
1907 05 1907.371  104.2   9.1    31  
1907 06 1907.455  104.6   9.1    30  
1907 07 1907.538  100.8   9.0    31  
1907 08 1907.623   93.1   8.6    31  
1907 09 1907.707   85.7   8.2    30  
1907 10 1907.790   83.8   8.2    31  
1907 11 1907.874   84.0   8.2    30  
1907 12 1907.958   84.4   8.2    31  
1908 01 1908.042   84.3   8.2    31  
1908 02 1908.124   86.1   8.3    29  
1908 03 1908.206   88.7   8.4    31  
1908 04 1908.290   86.6   8.3    30  
1908 05 1908.373   83.1   8.1    31  
1908 06 1908.456   81.5   8.1    30  
1908 07 1908.540   82.2   8.1    31  
1908 08 1908.624   84.3   8.2    31  
1908 09 1908.708   87.8   8.4    30  
1908 10 1908.791   88.6   8.4    31  
1908 11 1908.874   86.5   8.3    30  
1908 12 1908.958   84.4   8.2    31  
1909 01 1909.042   82.4   8.1    31  
1909 02 1909.123   77.4   7.9    28  
1909 03 1909.204   69.4   7.4    31  
1909 04 1909.288   67.9   7.4    30  
1909 05 1909.371   70.4   7.5    31  
1909 06 1909.455   72.1   7.6    30  
1909 07 1909.538   71.0   7.5    31  
1909 08 1909.623   67.9   7.4    31  
1909 09 1909.707   63.7   7.1    30  
1909 10 1909.790   58.9   6.9    31  
1909 11 1909.874   56.3   6.7    30  
1909 12 1909.958   54.6   6.6    31  
1910 01 1910.042   52.4   6.5    31  
1910 02 1910.123   50.1   6.3    28  
1910 03 1910.204   48.4   6.2    31  
1910 04 1910.288   46.2   6.1    30  
1910 05 1910.371   41.2   5.8    31  
1910 06 1910.455   34.4   5.3    30  
1910 07 1910.538   29.4   4.9    31  
1910 08 1910.623   26.2   4.7    31  
1910 09 1910.707   23.7   4.5    30  
1910 10 1910.790   23.3   4.4    31  
1910 11 1910.874   23.0   4.4    30  
1910 12 1910.958   21.4   4.3    31  
1911 01 1911.042   20.0   4.2    31  
1911 02 1911.123   18.7   4.1    28  
1911 03 1911.204   16.6   3.9    31  
1911 04 1911.288   12.6   3.5    30  
1911 05 1911.371   10.1   3.2    31  
1911 06 1911.455    9.8   3.1    30  
1911 07 1911.538    9.3   3.1    31  
1911 08 1911.623    8.5   3.0    31  
1911 09 1911.707    7.7   2.9    30  
1911 10 1911.790    6.6   2.8    31  
1911 11 1911.874    5.5   2.6    30  
1911 12 1911.958    5.3   2.6    31  
1912 01 1912.042    5.4   2.6    31  
1912 02 1912.124    5.1   2.6    29  
1912 03 1912.206    5.2   2.6    31  
1912 04 1912.290    5.7   2.7    30  
1912 05 1912.373    5.6   2.7    31  
1912 06 1912.456    5.7   2.7    30  
1912 07 1912.540    6.1   2.8    31  
1912 08 1912.624    6.5   2.8    31  
1912 09 1912.708    6.4   2.8    30  
1912 10 1912.791    5.8   2.7    31  
1912 11 1912.874    5.2   2.7    30  
1912 12 1912.958    4.7   2.6    31  
1913 01 1913.042    4.3   2.6    31  
1913 02 1913.123    4.2   2.6    28  
1913 03 1913.204    3.6   2.5    31  
1913 04 1913.288    2.9   2.4    30  
1913 05 1913.371    2.8   2.4    31  
1913 06 1913.455    2.6   2.3    30  
1913 07 1913.538    2.5   2.3    31  
1913 08 1913.623    2.5   2.3    31  
1913 09 1913.707    2.6   2.3    30  
1913 10 1913.790    4.0   2.5    31  
1913 11 1913.874    5.5   2.7    30  
1913 12 1913.958    6.6   2.8    31  
1914 01 1914.042    7.7   3.0    31  
1914 02 1914.123    8.5   3.0    28  
1914 03 1914.204    9.8   3.2    31  
1914 04 1914.288   10.9   3.3    30  
1914 05 1914.371   12.4   3.4    31  
1914 06 1914.455   14.8   3.7    30  
1914 07 1914.538   17.5   3.9    31  
1914 08 1914.623   21.6   4.3    31  
1914 09 1914.707   26.8   4.7    30  
1914 10 1914.790   31.0   5.1    31  
1914 11 1914.874   34.6   5.3    30  
1914 12 1914.958   40.5   5.7    31  
1915 01 1915.042   49.1   6.3    31  
1915 02 1915.123   58.0   6.8    28  
1915 03 1915.204   64.8   7.2    31  
1915 04 1915.288   70.5   7.5    30  
1915 05 1915.371   75.5   7.7    31  
1915 06 1915.455   78.1   7.9    30  
1915 07 1915.538   80.5   8.0    31  
1915 08 1915.623   83.0   8.1    31  
1915 09 1915.707   85.8   8.3    30  
1915 10 1915.790   89.9   8.5    31  
1915 11 1915.874   94.9   8.7    30  
1915 12 1915.958   97.7   8.8    31  
1916 01 1916.042   96.4   8.8    31  
1916 02 1916.124   92.7   8.6    29  
1916 03 1916.206   90.0   8.5    31  
1916 04 1916.290   89.5   8.4    30  
1916 05 1916.373   91.0   8.5    31  
1916 06 1916.456   93.9   8.6    30  
1916 07 1916.540   97.2   8.8    31  
1916 08 1916.624  100.4   8.9    31  
1916 09 1916.708  103.4   9.1    30  
1916 10 1916.791  105.6   9.2    31  
1916 11 1916.874  108.5   9.3    30  
1916 12 1916.958  114.6   9.6    31  
1917 01 1917.042  122.4   9.9    31  
1917 02 1917.123  135.3  10.4    28  
1917 03 1917.204  149.5  10.9    31  
1917 04 1917.288  156.8  11.2    30  
1917 05 1917.371  160.4  11.3    31  
1917 06 1917.455  167.9  11.6    30  
1917 07 1917.538  174.7  11.8    31  
1917 08 1917.623  175.7  11.8    31  
1917 09 1917.707  173.6  11.8    30  
1917 10 1917.790  172.5  11.7    31  
1917 11 1917.874  170.3  11.6    30  
1917 12 1917.958  163.8  11.4    31  
1918 01 1918.042  159.1  11.3    31  
1918 02 1918.123  154.6  11.1    28  
1918 03 1918.204  147.5  10.8    31  
1918 04 1918.288  145.0  10.7    30  
1918 05 1918.371  145.0  10.7    31  
1918 06 1918.455  139.2  10.5    30  
1918 07 1918.538  131.0  10.2    31  
1918 08 1918.623  128.6  10.1    31  
1918 09 1918.707  129.2  10.1    30  
1918 10 1918.790  126.9  10.0    31  
1918 11 1918.874  125.7  10.0    30  
1918 12 1918.958  130.0  10.2    31  
1919 01 1919.042  130.6  10.2    31  
1919 02 1919.123  125.4  10.0    28  
1919 03 1919.204  121.4   9.8    31  
1919 04 1919.288  117.4   9.7    30  
1919 05 1919.371  112.3   9.5    31  
1919 06 1919.455  107.7   9.3    30  
1919 07 1919.538  106.2   9.2    31  
1919 08 1919.623  104.6   9.1    31  
1919 09 1919.707  103.1   9.1    30  
1919 10 1919.790  100.8   9.0    31  
1919 11 1919.874   94.4   8.7    30  
1919 12 1919.958   85.6   8.3    31  
1920 01 1920.042   78.0   7.9    31  
1920 02 1920.124   71.9   7.6    29  
1920 03 1920.206   67.2   7.3    31  
1920 04 1920.290   65.7   7.2    30  
1920 05 1920.373   64.4   7.2    31  
1920 06 1920.456   63.1   7.1    30  
1920 07 1920.540   61.3   7.0    31  
1920 08 1920.624   58.2   6.8    31  
1920 09 1920.708   53.4   6.5    30  
1920 10 1920.791   51.6   6.4    31  
1920 11 1920.874   52.1   6.5    30  
1920 12 1920.958   51.0   6.4    31  
1921 01 1921.042   51.6   6.4    31  
1921 02 1921.123   52.9   6.5    28  
1921 03 1921.204   51.8   6.4    31  
1921 04 1921.288   48.3   6.2    30  
1921 05 1921.371   45.5   6.0    31  
1921 06 1921.455   44.2   6.0    30  
1921 07 1921.538   42.2   5.8    31  
1921 08 1921.623   40.7   5.7    31  
1921 09 1921.707   42.5   5.9    30  
1921 10 1921.790   42.9   5.9    31  
1921 11 1921.874   40.5   5.7    30  
1921 12 1921.958   37.6   5.5    31  
1922 01 1922.042   33.5   5.2    31  
1922 02 1922.123   30.2   5.0    28  
1922 03 1922.204   28.2   4.9    31  
1922 04 1922.288   26.4   4.7    30  
1922 05 1922.371   24.9   4.6    31  
1922 06 1922.455   24.0   4.5    30  
1922 07 1922.538   23.2   4.5    31  
1922 08 1922.623   21.0   4.3    31  
1922 09 1922.707   15.7   3.8    30  
1922 10 1922.790   11.8   3.4    31  
1922 11 1922.874   11.1   3.3    30  
1922 12 1922.958   11.0   3.3    31  
1923 01 1923.042   10.7   3.3    31  
1923 02 1923.123    9.8   3.2    28  
1923 03 1923.204   10.0   3.2    31  
1923 04 1923.288   10.9   3.3    30  
1923 05 1923.371   11.5   3.3    31  
1923 06 1923.455   10.7   3.3    30  
1923 07 1923.538    9.4   3.1    31  
1923 08 1923.623    9.4   3.1    31  
1923 09 1923.707    9.5   3.1    30  
1923 10 1923.790    9.8   3.2    31  
1923 11 1923.874   11.3   3.4    30  
1923 12 1923.958   13.6   3.6    31  
1924 01 1924.042   16.3   3.9    31  
1924 02 1924.124   19.3   4.1    29  
1924 03 1924.206   21.5   4.3    31  
1924 04 1924.290   23.3   4.5    30  
1924 05 1924.373   25.1   4.6    31  
1924 06 1924.456   26.9   4.8    30  
1924 07 1924.540   28.2   4.9    31  
1924 08 1924.624   29.8   5.0    31  
1924 09 1924.708   32.2   5.2    30  
1924 10 1924.791   34.7   5.3    31  
1924 11 1924.874   37.7   5.5    30  
1924 12 1924.958   40.8   5.7    31  
1925 01 1925.042   43.2   5.9    31  
1925 02 1925.123   45.2   6.0    28  
1925 03 1925.204   48.9   6.3    31  
1925 04 1925.288   54.4   6.6    30  
1925 05 1925.371   59.9   6.9    31  
1925 06 1925.455   68.2   7.4    30  
1925 07 1925.538   78.5   7.9    31  
1925 08 1925.623   86.3   8.3    31  
1925 09 1925.707   92.6   8.6    30  
1925 10 1925.790   96.2   8.7    31  
1925 11 1925.874   98.2   8.8    30  
1925 12 1925.958  101.4   9.0    31  
1926 01 1926.042  104.2   9.1    31  
1926 02 1926.123  106.8   9.2    28  
1926 03 1926.204  108.5   9.3    31  
1926 04 1926.288  108.7   9.3    30  
1926 05 1926.371  109.0   9.3    31  
1926 06 1926.455  107.8   9.3    30  
1926 07 1926.538  107.2   9.2    31  
1926 08 1926.623  109.4   9.3    31  
1926 09 1926.707  111.6   9.4    30  
1926 10 1926.790  115.9   9.6    31  
1926 11 1926.874  120.7   9.8    30  
1926 12 1926.958  120.8   9.8    31  
1927 01 1927.042  120.0   9.8    31  
1927 02 1927.123  119.6   9.7    28  
1927 03 1927.204  119.6   9.7    31  
1927 04 1927.288  119.5   9.7    30  
1927 05 1927.371  119.4   9.7    31  
1927 06 1927.455  117.5   9.6    30  
1927 07 1927.538  115.2   9.5    31  
1927 08 1927.623  114.0   9.5    31  
1927 09 1927.707  113.7   9.5    30  
1927 10 1927.790  113.9   9.5    31  
1927 11 1927.874  112.9   9.5    30  
1927 12 1927.958  115.0   9.5    31  
1928 01 1928.042  120.2   9.8    31  
1928 02 1928.124  125.3  10.0    29  
1928 03 1928.206  128.9  10.1    31  
1928 04 1928.290  130.2  10.2    30  
1928 05 1928.373  128.9  10.1    31  
1928 06 1928.456  128.7  10.1    30  
1928 07 1928.540  128.7  10.1    31  
1928 08 1928.624  126.9  10.0    31  
1928 09 1928.708  123.7   9.9    30  
1928 10 1928.791  119.4   9.7    31  
1928 11 1928.874  116.1   9.6    30  
1928 12 1928.958  113.5   9.5    31  
1929 01 1929.042  110.2   9.4    31  
1929 02 1929.123  107.0   9.2    28  
1929 03 1929.204  101.9   9.0    31  
1929 04 1929.288   97.5   8.8    30  
1929 05 1929.371   99.2   8.9    31  
1929 06 1929.455  104.7   9.1    30  
1929 07 1929.538  107.9   9.3    31  
1929 08 1929.623  106.7   9.2    31  
1929 09 1929.707  104.7   9.1    30  
1929 10 1929.790  102.7   9.0    31  
1929 11 1929.874  100.2   8.9    30  
1929 12 1929.958   95.7   8.7    31  
1930 01 1930.042   89.3   8.4    31  
1930 02 1930.123   83.2   8.1    28  
1930 03 1930.204   80.2   8.0    31  
1930 04 1930.288   78.6   7.9    30  
1930 05 1930.371   74.1   7.7    31  
1930 06 1930.455   65.2   7.2    30  
1930 07 1930.538   56.0   6.7    31  
1930 08 1930.623   52.0   6.4    31  
1930 09 1930.707   51.2   6.4    30  
1930 10 1930.790   50.4   6.3    31  
1930 11 1930.874   49.0   6.3    30  
1930 12 1930.958   47.2   6.2    31  
1931 01 1931.042   46.0   6.1    31  
1931 02 1931.123   44.9   6.0    28  
1931 03 1931.204   43.1   5.9    31  
1931 04 1931.288   40.5   5.7    30  
1931 05 1931.371   37.7   5.5    31  
1931 06 1931.455   35.9   5.4    30  
1931 07 1931.538   35.2   5.3    31  
1931 08 1931.623   32.8   5.2    31  
1931 09 1931.707   29.2   4.9    30  
1931 10 1931.790   26.5   4.7    31  
1931 11 1931.874   24.6   4.5    30  
1931 12 1931.958   24.7   4.5    31  
1932 01 1932.042   24.6   4.5    31  
1932 02 1932.124   23.6   4.4    29  
1932 03 1932.206   22.1   4.3    31  
1932 04 1932.290   21.0   4.2    30  
1932 05 1932.373   20.2   4.1    31  
1932 06 1932.456   19.0   4.0    30  
1932 07 1932.540   18.6   4.0    31  
1932 08 1932.624   19.4   4.1    31  
1932 09 1932.708   20.1   4.1    30  
1932 10 1932.791   19.5   4.1    31  
1932 11 1932.874   17.9   3.9    30  
1932 12 1932.958   15.7   3.7    31  
1933 01 1933.042   14.0   3.6    31  
1933 02 1933.123   13.1   3.5    28  
1933 03 1933.204   12.7   3.5    31  
1933 04 1933.288   12.4   3.4    30  
1933 05 1933.371   11.5   3.4    31  
1933 06 1933.455   10.2   3.2    30  
1933 07 1933.538    8.8   3.1    31  
1933 08 1933.623    7.2   2.9    31  
1933 09 1933.707    5.8   2.7    30  
1933 10 1933.790    6.0   2.7    31  
1933 11 1933.874    7.7   2.9    30  
1933 12 1933.958    9.0   3.1    31  
1934 01 1934.042    9.5   3.2    31  
1934 02 1934.123   10.5   3.3    28  
1934 03 1934.204   11.0   3.3    31  
1934 04 1934.288   11.1   3.3    30  
1934 05 1934.371   11.9   3.4    31  
1934 06 1934.455   13.5   3.5    30  
1934 07 1934.538   15.6   3.7    31  
1934 08 1934.623   17.5   3.9    31  
1934 09 1934.707   19.7   4.1    30  
1934 10 1934.790   21.1   4.2    31  
1934 11 1934.874   21.7   4.3    30  
1934 12 1934.958   24.9   4.6    31  
1935 01 1935.042   29.3   4.9    31  
1935 02 1935.123   32.6   5.2    28  
1935 03 1935.204   36.7   5.5    31  
1935 04 1935.288   42.7   5.9    30  
1935 05 1935.371   49.8   6.3    31  
1935 06 1935.455   56.9   6.7    30  
1935 07 1935.538   63.1   7.1    31  
1935 08 1935.623   69.9   7.5    31  
1935 09 1935.707   77.4   7.9    30  
1935 10 1935.790   85.5   8.2    31  
1935 11 1935.874   91.8   8.5    30  
1935 12 1935.958   95.3   8.7    31  
1936 01 1936.042   98.3   8.8    31  
1936 02 1936.124  103.5   9.1    29  
1936 03 1936.206  109.8   9.3    31  
1936 04 1936.290  114.7   9.5    30  
1936 05 1936.373  120.7   9.8    31  
1936 06 1936.456  128.6  10.1    30  
1936 07 1936.540  137.7  10.5    31  
1936 08 1936.624  146.3  10.8    31  
1936 09 1936.708  150.5  10.9    30  
1936 10 1936.791  153.4  11.0    31  
1936 11 1936.874  160.1  11.3    30  
1936 12 1936.958  168.6  11.6    31  
1937 01 1937.042  179.2  11.9    31  
1937 02 1937.123  189.2  12.3    28  
1937 03 1937.204  194.4  12.4    31  
1937 04 1937.288  198.6  12.6    30  
1937 05 1937.371  198.3  12.6    31  
1937 06 1937.455  193.0  12.4    30  
1937 07 1937.538  188.3  12.2    31  
1937 08 1937.623  185.2  12.1    31  
1937 09 1937.707  184.8  12.1    30  
1937 10 1937.790  184.4  12.1    31  
1937 11 1937.874  184.6  12.1    30  
1937 12 1937.958  183.0  12.1    31  
1938 01 1938.042  182.2  12.0    31  
1938 02 1938.123  182.1  12.0    28  
1938 03 1938.204  179.8  12.0    31  
1938 04 1938.288  177.2  11.9    30  
1938 05 1938.371  178.7  11.9    31  
1938 06 1938.455  182.3  12.0    30  
1938 07 1938.538  181.4  12.0    31  
1938 08 1938.623  177.2  11.9    31  
1938 09 1938.707  172.8  11.7    30  
1938 10 1938.790  171.8  11.7    31  
1938 11 1938.874  171.8  11.7    30  
1938 12 1938.958  171.4  11.7    31  
1939 01 1939.042  166.9  11.5    31  
1939 02 1939.123  161.5  11.3    28  
1939 03 1939.204  162.4  11.4    31  
1939 04 1939.288  163.3  11.4    30  
1939 05 1939.371  158.8  11.2    31  
1939 06 1939.455  151.5  11.0    30  
1939 07 1939.538  145.9  10.8    31  
1939 08 1939.623  142.6  10.6    31  
1939 09 1939.707  142.6  10.6    30  
1939 10 1939.790  140.6  10.6    31  
1939 11 1939.874  132.7  10.3    30  
1939 12 1939.958  127.1  10.1    31  
1940 01 1940.042  123.8   9.9    31  
1940 02 1940.124  121.7   9.8    29  
1940 03 1940.206  118.5   9.7    31  
1940 04 1940.290  113.0   9.5    30  
1940 05 1940.373  110.0   9.4    31  
1940 06 1940.456  111.1   9.4    30  
1940 07 1940.540  112.6   9.5    31  
1940 08 1940.624  111.3   9.4    31  
1940 09 1940.708  107.7   9.3    30  
1940 10 1940.791  103.2   9.1    31  
1940 11 1940.874   99.5   8.9    30  
1940 12 1940.958   96.1   8.7    31  
1941 01 1941.042   94.4   8.7    31  
1941 02 1941.123   91.2   8.5    28  
1941 03 1941.204   88.0   8.4    31  
1941 04 1941.288   87.3   8.3    30  
1941 05 1941.371   85.3   8.2    31  
1941 06 1941.455   81.6   8.1    30  
1941 07 1941.538   78.5   7.9    31  
1941 08 1941.623   78.3   7.9    31  
1941 09 1941.707   79.4   8.0    30  
1941 10 1941.790   81.9   8.1    31  
1941 11 1941.874   83.6   8.2    30  
1941 12 1941.958   79.9   8.0    31  
1942 01 1942.042   73.1   7.7    31  
1942 02 1942.123   67.0   7.3    28  
1942 03 1942.204   60.8   7.0    31  
1942 04 1942.288   55.5   6.7    30  
1942 05 1942.371   53.1   6.5    31  
1942 06 1942.455   51.8   6.5    30  
1942 07 1942.538   49.4   6.3    31  
1942 08 1942.623   46.2   6.1    31  
1942 09 1942.707   42.6   5.9    30  
1942 10 1942.790   38.4   5.6    31  
1942 11 1942.874   35.2   5.3    30  
1942 12 1942.958   34.2   5.2    31  
1943 01 1943.042   33.6   5.2    31  
1943 02 1943.123   33.2   5.2    28  
1943 03 1943.204   32.7   5.1    31  
1943 04 1943.288   31.4   5.0    30  
1943 05 1943.371   29.2   4.9    31  
1943 06 1943.455   27.5   4.7    30  
1943 07 1943.538   26.6   4.7    31  
1943 08 1943.623   24.0   4.5    31  
1943 09 1943.707   20.9   4.2    30  
1943 10 1943.790   18.0   4.0    31  
1943 11 1943.874   15.4   3.8    30  
1943 12 1943.958   14.4   3.7    31  
1944 01 1944.042   13.6   3.6    31  
1944 02 1944.124   12.9   3.5    29  
1944 03 1944.206   13.0   3.5    31  
1944 04 1944.290   13.9   3.6    30  
1944 05 1944.373   14.6   3.7    31  
1944 06 1944.456   15.3   3.7    30  
1944 07 1944.540   17.0   3.9    31  
1944 08 1944.624   18.9   4.1    31  
1944 09 1944.708   20.4   4.2    30  
1944 10 1944.791   23.4   4.4    31  
1944 11 1944.874   27.5   4.8    30  
1944 12 1944.958   31.7   5.1    31  
1945 01 1945.042   36.4   5.4    31  
1945 02 1945.123   39.7   5.7    28  
1945 03 1945.204   41.7   5.8    31  
1945 04 1945.288   46.8   6.1    30  
1945 05 1945.371   52.8   6.5    31  
1945 06 1945.455   55.2   6.6    30  
1945 07 1945.538   57.1   6.7    31  
1945 08 1945.623   64.3   7.1    31  
1945 09 1945.707   73.2   7.6    30  
1945 10 1945.790   80.1   8.0    31  
1945 11 1945.874   86.9   8.3    30  
1945 12 1945.958   93.2   8.6    31  
1946 01 1946.042  101.0   9.0    31  
1946 02 1946.123  111.7   9.4    28  
1946 03 1946.204  121.5   9.8    31  
1946 04 1946.288  128.0  10.1    30  
1946 05 1946.371  135.7  10.4    31  
1946 06 1946.455  147.7  10.8    30  
1946 07 1946.538  157.7  11.1    31  
1946 08 1946.623  163.1  11.0    31  
1946 09 1946.707  167.3  11.0    30  
1946 10 1946.790  173.3  10.9    31  
1946 11 1946.874  182.8  10.9    30  
1946 12 1946.958  193.4  11.0    31  
1947 01 1947.042  199.2  10.9    31  
1947 02 1947.123  204.1  10.7    28  
1947 03 1947.204  211.2  10.6    31  
1947 04 1947.288  217.2  10.6    30  
1947 05 1947.371  218.7  10.3    31  
1947 06 1947.455  216.1  10.0    30  
1947 07 1947.538  214.1   9.8    31  
1947 08 1947.623  210.9   9.7    31  
1947 09 1947.707  206.0   9.6    30  
1947 10 1947.790  206.3   9.6    31  
1947 11 1947.874  207.1   9.6    30  
1947 12 1947.958  205.7   9.6    31  
1948 01 1948.042  205.0   9.6    31  
1948 02 1948.124  202.3   9.5    29  
1948 03 1948.206  198.9   9.4    31  
1948 04 1948.290  195.7   9.4    30  
1948 05 1948.373  192.2   9.3    31  
1948 06 1948.456  191.6   9.3    30  
1948 07 1948.540  193.5   9.3    31  
1948 08 1948.624  199.8   9.5    31  
1948 09 1948.708  209.1   9.7    30  
1948 10 1948.791  210.3   9.7    31  
1948 11 1948.874  203.8   9.6    30  
1948 12 1948.958  197.1   9.4    31  
1949 01 1949.042  193.4   9.3    31  
1949 02 1949.123  190.4   9.2    28  
1949 03 1949.204  188.5   9.2    31  
1949 04 1949.288  188.4   9.2    30  
1949 05 1949.371  190.9   9.2    31  
1949 06 1949.455  192.5   9.3    30  
1949 07 1949.538  190.3   9.2    31  
1949 08 1949.623  184.1   9.1    31  
1949 09 1949.707  176.1   8.9    30  
1949 10 1949.790  171.4   8.7    31  
1949 11 1949.874  169.4   8.7    30  
1949 12 1949.958  167.1   8.6    31  
1950 01 1950.042  162.8   8.5    31  
1950 02 1950.123  158.5   8.4    28  
1950 03 1950.204  150.7   8.2    31  
1950 04 1950.288  141.0   7.9    30  
1950 05 1950.371  131.6   7.7    31  
1950 06 1950.455  122.6   7.4    30  
1950 07 1950.538  116.4   7.2    31  
1950 08 1950.623  111.9   7.1    31  
1950 09 1950.707  106.7   6.9    30  
1950 10 1950.790  102.3   6.8    31  
1950 11 1950.874  101.2   6.7    30  
1950 12 1950.958  102.4   6.8    31  
1951 01 1951.042  101.6   6.7    31  
1951 02 1951.123   98.5   6.6    28  
1951 03 1951.204   98.9   6.6    31  
1951 04 1951.288  100.2   6.7    30  
1951 05 1951.371   99.5   6.7    31  
1951 06 1951.455   98.9   6.6    30  
1951 07 1951.538   97.3   6.6    31  
1951 08 1951.623   94.0   6.5    31  
1951 09 1951.707   89.8   6.3    30  
1951 10 1951.790   84.0   6.1    31  
1951 11 1951.874   75.3   5.8    30  
1951 12 1951.958   66.5   5.4    31  
1952 01 1952.042   61.5   5.2    31  
1952 02 1952.124   59.8   5.2    29  
1952 03 1952.206   56.2   5.0    31  
1952 04 1952.290   51.4   4.8    30  
1952 05 1952.373   48.0   4.6    31  
1952 06 1952.456   45.5   4.5    30  
1952 07 1952.540   44.0   4.4    31  
1952 08 1952.624   42.1   4.3    31  
1952 09 1952.708   40.3   4.3    30  
1952 10 1952.791   39.5   4.2    31  
1952 11 1952.874   38.8   4.2    30  
1952 12 1952.958   37.3   4.1    31  
1953 01 1953.042   34.6   4.0    31  
1953 02 1953.123   31.0   3.7    28  
1953 03 1953.204   28.6   3.6    31  
1953 04 1953.288   27.2   3.5    30  
1953 05 1953.371   25.0   3.4    31  
1953 06 1953.455   22.0   3.2    30  
1953 07 1953.538   18.5   2.9    31  
1953 08 1953.623   16.7   2.8    31  
1953 09 1953.707   16.6   2.7    30  
1953 10 1953.790   15.1   2.6    31  
1953 11 1953.874   12.8   2.4    30  
1953 12 1953.958   10.8   2.2    31  
1954 01 1954.042    9.3   2.1    31  
1954 02 1954.123    8.2   1.9    28  
1954 03 1954.204    6.3   1.7    31  
1954 04 1954.288    5.1   1.5    30  
1954 05 1954.371    5.5   1.6    31  
1954 06 1954.455    6.3   1.7    30  
1954 07 1954.538    7.9   1.9    31  
1954 08 1954.623   10.5   2.2    31  
1954 09 1954.707   11.4   2.3    30  
1954 10 1954.790   11.6   2.3    31  
1954 11 1954.874   13.8   2.5    30  
1954 12 1954.958   17.4   2.8    31  
1955 01 1955.042   20.5   3.1    31  
1955 02 1955.123   23.7   3.3    28  
1955 03 1955.204   28.0   3.6    31  
1955 04 1955.288   33.5   3.9    30  
1955 05 1955.371   41.2   4.3    31  
1955 06 1955.455   50.0   4.7    30  
1955 07 1955.538   57.0   5.0    31  
1955 08 1955.623   66.0   5.4    31  
1955 09 1955.707   78.8   5.9    30  
1955 10 1955.790   91.3   6.4    31  
1955 11 1955.874  103.5   6.8    30  
1955 12 1955.958  114.8   7.2    31  
1956 01 1956.042  125.8   7.5    31  
1956 02 1956.124  139.4   7.9    29  
1956 03 1956.206  154.7   8.3    31  
1956 04 1956.290  168.1   8.7    30  
1956 05 1956.373  180.4   9.0    31  
1956 06 1956.456  193.9   9.3    30  
1956 07 1956.540  206.1   9.6    31  
1956 08 1956.624  211.8   9.7    31  
1956 09 1956.708  214.5   9.8    30  
1956 10 1956.791  220.6   9.9    31  
1956 11 1956.874  226.0  10.1    30  
1956 12 1956.958  232.7  10.2    31  
1957 01 1957.042  241.1  10.4    31  
1957 02 1957.123  243.8  10.4    28  
1957 03 1957.204  246.8  10.5    31  
1957 04 1957.288  256.3  10.7    30  
1957 05 1957.371  262.7  10.8    31  
1957 06 1957.455  266.1  10.9    30  
1957 07 1957.538  271.1  11.0    31  
1957 08 1957.623  275.3  11.1    31  
1957 09 1957.707  279.3  11.2    30  
1957 10 1957.790  282.5  11.3    31  
1957 11 1957.874  284.4  11.3    30  
1957 12 1957.958  283.3  11.3    31  
1958 01 1958.042  281.8  11.2    31  
1958 02 1958.123  284.5  11.3    28  
1958 03 1958.204  285.0  11.3    31  
1958 04 1958.288  278.7  11.2    30  
1958 05 1958.371  271.0  11.0    31  
1958 06 1958.455  264.5  10.9    30  
1958 07 1958.538  262.3  10.8    31  
1958 08 1958.623  261.9  10.8    31  
1958 09 1958.707  260.3  10.8    30  
1958 10 1958.790  258.1  10.7    31  
1958 11 1958.874  255.9  10.7    30  
1958 12 1958.958  255.6  10.7    31  
1959 01 1959.042  252.9  10.6    31  
1959 02 1959.123  250.4  10.6    28  
1959 03 1959.204  247.1  10.5    31  
1959 04 1959.288  239.7  10.4    30  
1959 05 1959.371  233.9  10.2    31  
1959 06 1959.455  228.5  10.1    30  
1959 07 1959.538  220.6   9.9    31  
1959 08 1959.623  214.2   9.8    31  
1959 09 1959.707  207.1   9.6    30  
1959 10 1959.790  199.7   9.4    31  
1959 11 1959.874  194.2   9.3    30  
1959 12 1959.958  187.6   9.2    31  
1960 01 1960.042  182.5   9.0    31  
1960 02 1960.124  177.0   8.9    29  
1960 03 1960.206  172.1   8.8    31  
1960 04 1960.290  169.4   8.7    30  
1960 05 1960.373  165.7   8.6    31  
1960 06 1960.456  161.3   8.5    30  
1960 07 1960.540  153.8   8.3    31  
1960 08 1960.624  145.0   8.0    31  
1960 09 1960.708  138.6   7.9    30  
1960 10 1960.791  132.1   7.7    31  
1960 11 1960.874  124.5   7.5    30  
1960 12 1960.958  118.5   7.3    31  
1961 01 1961.042  113.6   7.1    31  
1961 02 1961.123  105.9   6.9    28  
1961 03 1961.204   97.5   6.6    31  
1961 04 1961.288   91.1   6.4    30  
1961 05 1961.371   85.1   6.2    31  
1961 06 1961.455   79.1   5.9    30  
1961 07 1961.538   75.3   5.8    31  
1961 08 1961.623   74.4   5.8    31  
1961 09 1961.707   74.3   5.8    30  
1961 10 1961.790   73.0   5.7    31  
1961 11 1961.874   71.7   5.7    30  
1961 12 1961.958   69.1   5.6    31  
1962 01 1962.042   64.2   5.4    31  
1962 02 1962.123   59.4   5.2    28  
1962 03 1962.204   56.7   5.0    31  
1962 04 1962.288   56.1   5.0    30  
1962 05 1962.371   55.9   5.0    31  
1962 06 1962.455   54.6   4.9    30  
1962 07 1962.538   52.5   4.9    31  
1962 08 1962.623   49.8   4.7    31  
1962 09 1962.707   46.7   4.6    30  
1962 10 1962.790   44.0   4.5    31  
1962 11 1962.874   42.9   4.4    30  
1962 12 1962.958   42.6   4.4    31  
1963 01 1963.042   42.1   4.4    31  
1963 02 1963.123   42.6   4.4    28  
1963 03 1963.204   42.6   4.4    31  
1963 04 1963.288   41.6   4.3    30  
1963 05 1963.371   41.1   4.3    31  
1963 06 1963.455   40.4   4.3    30  
1963 07 1963.538   39.7   4.2    31  
1963 08 1963.623   39.0   4.2    31  
1963 09 1963.707   38.6   4.2    30  
1963 10 1963.790   37.4   4.1    31  
1963 11 1963.874   34.2   3.9    30  
1963 12 1963.958   30.7   3.7    31  
1964 01 1964.042   28.1   3.6    31  
1964 02 1964.124   25.7   3.4    29  
1964 03 1964.206   22.3   3.2    31  
1964 04 1964.290   18.6   2.9    30  
1964 05 1964.373   16.0   2.7    31  
1964 06 1964.456   15.0   2.6    30  
1964 07 1964.540   15.2   2.7    31  
1964 08 1964.624   15.1   2.6    31  
1964 09 1964.708   14.6   2.6    30  
1964 10 1964.791   14.3   2.6    31  
1964 11 1964.874   15.0   2.6    30  
1964 12 1964.958   16.2   2.7    31  
1965 01 1965.042   17.2   2.8    31  
1965 02 1965.123   17.7   2.8    28  
1965 03 1965.204   18.4   2.9    31  
1965 04 1965.288   19.9   3.0    30  
1965 05 1965.371   21.2   3.1    31  
1965 06 1965.455   21.8   3.2    30  
1965 07 1965.538   22.6   3.2    31  
1965 08 1965.623   23.8   3.3    31  
1965 09 1965.707   25.2   3.4    30  
1965 10 1965.790   28.4   3.6    31  
1965 11 1965.874   32.1   3.8    30  
1965 12 1965.958   35.2   4.0    31  
1966 01 1966.042   39.7   4.2    31  
1966 02 1966.123   44.8   4.5    28  
1966 03 1966.204   49.2   4.7    31  
1966 04 1966.288   53.3   4.9    30  
1966 05 1966.371   57.9   5.1    31  
1966 06 1966.455   63.4   5.3    30  
1966 07 1966.538   71.4   5.6    31  
1966 08 1966.623   80.3   6.0    31  
1966 09 1966.707   89.5   6.3    30  
1966 10 1966.790   95.8   6.5    31  
1966 11 1966.874   99.4   6.7    30  
1966 12 1966.958  103.0   6.8    31  
1967 01 1967.042  106.2   6.9    31  
1967 02 1967.123  111.6   7.1    28  
1967 03 1967.204  116.5   7.2    31  
1967 04 1967.288  119.8   7.3    30  
1967 05 1967.371  123.9   7.4    31  
1967 06 1967.455  129.4   7.6    30  
1967 07 1967.538  133.3   7.7    31  
1967 08 1967.623  135.0   7.8    31  
1967 09 1967.707  134.9   7.8    30  
1967 10 1967.790  134.5   7.7    31  
1967 11 1967.874  137.6   7.8    30  
1967 12 1967.958  142.5   8.0    31  
1968 01 1968.042  145.3   8.1    31  
1968 02 1968.124  145.7   8.1    29  
1968 03 1968.206  148.2   8.1    31  
1968 04 1968.290  151.8   8.2    30  
1968 05 1968.373  152.4   8.2    31  
1968 06 1968.456  150.9   8.2    30  
1968 07 1968.540  148.9   8.1    31  
1968 08 1968.624  148.4   8.1    31  
1968 09 1968.708  151.5   8.2    30  
1968 10 1968.791  155.5   8.3    31  
1968 11 1968.874  156.6   8.4    30  
1968 12 1968.958  156.0   8.3    31  
1969 01 1969.042  155.7   8.3    31  
1969 02 1969.123  155.1   8.3    28  
1969 03 1969.204  152.9   8.3    31  
1969 04 1969.288  150.7   8.2    30  
1969 05 1969.371  150.4   8.2    31  
1969 06 1969.455  150.1   8.2    30  
1969 07 1969.538  149.9   8.2    31  
1969 08 1969.623  150.7   8.2    31  
1969 09 1969.707  149.2   8.2    30  
1969 10 1969.790  147.4   8.1    31  
1969 11 1969.874  148.0   8.1    30  
1969 12 1969.958  148.5   8.2    31  
1970 01 1970.042  149.5   8.2    31  
1970 02 1970.123  150.1   8.2    28  
1970 03 1970.204  150.3   8.2    31  
1970 04 1970.288  150.3   8.2    30  
1970 05 1970.371  149.8   8.2    31  
1970 06 1970.455  149.1   8.2    30  
1970 07 1970.538  147.0   8.1    31  
1970 08 1970.623  143.0   8.0    31  
1970 09 1970.707  137.6   7.8    30  
1970 10 1970.790  132.9   7.7    31  
1970 11 1970.874  126.5   7.5    30  
1970 12 1970.958  119.0   7.3    31  
1971 01 1971.042  113.8   7.1    31  
1971 02 1971.123  110.1   7.0    28  
1971 03 1971.204  105.3   6.8    31  
1971 04 1971.288  100.4   6.7    30  
1971 05 1971.371   96.5   6.5    31  
1971 06 1971.455   94.5   6.5    30  
1971 07 1971.538   92.7   6.4    31  
1971 08 1971.623   91.5   6.4    31  
1971 09 1971.707   93.2   6.4    30  
1971 10 1971.790   93.8   6.4    31  
1971 11 1971.874   94.7   6.5    30  
1971 12 1971.958   98.3   6.6    31  
1972 01 1972.042  100.3   6.7    31  
1972 02 1972.124  100.9   6.7    29  
1972 03 1972.206  102.6   6.8    31  
1972 04 1972.290  104.0   6.8    30  
1972 05 1972.373  103.3   6.8    31  
1972 06 1972.456   99.9   6.7    30  
1972 07 1972.540   96.6   6.6    31  
1972 08 1972.624   92.9   6.4    31  
1972 09 1972.708   88.2   6.3    30  
1972 10 1972.791   85.9   6.2    31  
1972 11 1972.874   83.3   6.1    30  
1972 12 1972.958   78.2   5.9    31  
1973 01 1973.042   72.3   5.7    31  
1973 02 1973.123   66.1   5.4    28  
1973 03 1973.204   62.8   5.3    31  
1973 04 1973.288   60.8   5.2    30  
1973 05 1973.371   57.9   5.1    31  
1973 06 1973.455   55.6   5.0    30  
1973 07 1973.538   53.4   4.9    31  
1973 08 1973.623   51.4   4.8    31  
1973 09 1973.707   49.0   4.7    30  
1973 10 1973.790   46.6   4.6    31  
1973 11 1973.874   45.4   4.5    30  
1973 12 1973.958   45.0   4.5    31  
1974 01 1974.042   46.8   4.6    31  
1974 02 1974.123   49.1   4.7    28  
1974 03 1974.204   48.5   4.7    31  
1974 04 1974.288   48.3   4.6    30  
1974 05 1974.371   49.4   4.7    31  
1974 06 1974.455   49.3   4.7    30  
1974 07 1974.538   48.6   4.7    31  
1974 08 1974.623   47.3   4.6    31  
1974 09 1974.707   45.8   4.5    30  
1974 10 1974.790   43.2   4.4    31  
1974 11 1974.874   39.3   4.2    30  
1974 12 1974.958   36.1   4.0    31  
1975 01 1975.042   33.0   3.9    31  
1975 02 1975.123   31.8   3.8    28  
1975 03 1975.204   30.6   3.7    31  
1975 04 1975.288   26.8   3.5    30  
1975 05 1975.371   24.2   3.3    31  
1975 06 1975.455   23.2   3.3    30  
1975 07 1975.538   21.8   3.2    31  
1975 08 1975.623   20.7   3.1    31  
1975 09 1975.707   20.9   3.1    30  
1975 10 1975.790   22.3   3.2    31  
1975 11 1975.874   23.3   3.3    30  
1975 12 1975.958   23.6   3.3    31  
1976 01 1976.042   22.1   3.2    31  
1976 02 1976.124   19.2   3.0    29  
1976 03 1976.206   17.8   2.9    31  
1976 04 1976.290   18.4   2.9    30  
1976 05 1976.373   18.3   2.9    31  
1976 06 1976.456   17.9   2.9    30  
1976 07 1976.540   18.8   2.9    31  
1976 08 1976.624   20.5   3.1    31  
1976 09 1976.708   20.8   3.1    30  
1976 10 1976.791   19.7   3.0    31  
1976 11 1976.874   19.7   3.0    30  
1976 12 1976.958   21.6   3.2    31  
1977 01 1977.042   24.3   3.3    31  
1977 02 1977.123   26.3   3.5    28  
1977 03 1977.204   28.8   3.6    31  
1977 04 1977.288   31.9   3.8    30  
1977 05 1977.371   34.7   4.0    31  
1977 06 1977.455   37.7   4.1    30  
1977 07 1977.538   41.4   4.3    31  
1977 08 1977.623   47.6   4.6    31  
1977 09 1977.707   55.8   5.0    30  
1977 10 1977.790   64.8   5.4    31  
1977 11 1977.874   73.7   5.7    30  
1977 12 1977.958   80.7   6.0    31  
1978 01 1978.042   86.9   6.2    31  
1978 02 1978.123   91.5   6.4    28  
1978 03 1978.204   98.7   6.6    31  
1978 04 1978.288  109.0   7.0    30  
1978 05 1978.371  117.8   7.2    31  
1978 06 1978.455  126.6   7.5    30  
1978 07 1978.538  138.0   7.8    31  
1978 08 1978.623  147.3   8.1    31  
1978 09 1978.707  153.6   8.3    30  
1978 10 1978.790  157.3   8.4    31  
1978 11 1978.874  160.4   8.5    30  
1978 12 1978.958  166.7   8.6    31  
1979 01 1979.042  175.2   8.8    31  
1979 02 1979.123  185.4   9.1    28  
1979 03 1979.204  193.3   9.3    31  
1979 04 1979.288  199.9   9.4    30  
1979 05 1979.371  208.5   9.6    31  
1979 06 1979.455  216.7   9.8    30  
1979 07 1979.538  219.5   9.9    31  
1979 08 1979.623  220.1   9.9    31  
1979 09 1979.707  220.4   9.9    30  
1979 10 1979.790  223.4  10.0    31  
1979 11 1979.874  229.8  10.1    30  
1979 12 1979.958  232.9  10.2    31  
1980 01 1980.042  232.0  10.2    31  
1980 02 1980.124  230.2  10.2    29  
1980 03 1980.206  227.9  10.1    31  
1980 04 1980.290  224.6  10.0    30  
1980 05 1980.373  221.3  10.0    31  
1980 06 1980.456  219.1   9.9    30  
1980 07 1980.540  216.1   9.9    31  
1980 08 1980.624  212.0  10.0    31  
1980 09 1980.708  211.5  10.2    30  
1980 10 1980.791  211.9  10.5    31  
1980 11 1980.874  209.1  10.9    30  
1980 12 1980.958  202.8  11.0    31  
1981 01 1981.042  199.6  11.1   271  
1981 02 1981.123  202.2  11.5   229  
1981 03 1981.204  205.4  12.1   244  
1981 04 1981.288  205.7  12.6   254  
1981 05 1981.371  204.1  12.8   268  
1981 06 1981.455  200.9  13.1   227  
1981 07 1981.538  198.5  13.1   268  
1981 08 1981.623  199.9  13.2   276  
1981 09 1981.707  202.7  13.3   255  
1981 10 1981.790  201.4  13.0   243  
1981 11 1981.874  196.0  12.6   248  
1981 12 1981.958  194.1  12.5   266  
1982 01 1982.042  192.7  12.6   287  
1982 02 1982.123  186.6  12.5   256  
1982 03 1982.204  180.0  12.0   263  
1982 04 1982.288  173.4  11.5   284  
1982 05 1982.371  167.5  11.7   318  
1982 06 1982.455  164.0  12.1   313  
1982 07 1982.538  161.5  12.2   292  
1982 08 1982.623  153.5  11.9   301  
1982 09 1982.707  141.4  11.5   308  
1982 10 1982.790  133.3  11.4   308  
1982 11 1982.874  131.3  11.5   244  
1982 12 1982.958  130.5  11.4   262  
1983 01 1983.042  127.9  11.0   267  
1983 02 1983.123  123.9  10.6   261  
1983 03 1983.204  117.1  10.4   259  
1983 04 1983.288  110.5  10.1   282  
1983 05 1983.371  104.5   9.4   330  
1983 06 1983.455   95.9   8.2   361  
1983 07 1983.538   89.1   7.6   431  
1983 08 1983.623   88.9   7.5   429  
1983 09 1983.707   91.7   7.7   397  
1983 10 1983.790   92.0   7.6   431  
1983 11 1983.874   89.7   7.4   363  
1983 12 1983.958   85.5   7.2   405  
1984 01 1984.042   80.5   7.0   399  
1984 02 1984.124   75.8   6.8   377  
1984 03 1984.206   71.2   6.5   395  
1984 04 1984.290   66.8   6.4   407  
1984 05 1984.373   63.5   6.2   462  
1984 06 1984.456   61.7   6.0   438  
1984 07 1984.540   58.3   5.8   468  
1984 08 1984.624   52.2   5.6   509  
1984 09 1984.708   44.3   5.1   429  
1984 10 1984.791   37.2   4.7   428  
1984 11 1984.874   31.6   4.3   394  
1984 12 1984.958   27.4   4.1   397  
1985 01 1985.042   25.2   3.9   425  
1985 02 1985.123   23.5   3.9   412  
1985 03 1985.204   21.7   3.8   389  
1985 04 1985.288   21.3   3.8   468  
1985 05 1985.371   21.4   3.7   457  
1985 06 1985.455   20.8   3.7   465  
1985 07 1985.538   19.9   3.7   540  
1985 08 1985.623   19.6   3.6   546  
1985 09 1985.707   19.8   3.6   511  
1985 10 1985.790   19.7   3.6   486  
1985 11 1985.874   19.1   3.6   422  
1985 12 1985.958   17.3   3.6   422  
1986 01 1986.042   15.2   3.5   460  
1986 02 1986.123   14.3   3.5   420  
1986 03 1986.204   14.3   3.5   433  
1986 04 1986.288   15.1   3.5   449  
1986 05 1986.371   15.8   3.6   530  
1986 06 1986.455   15.2   3.6   494  
1986 07 1986.538   15.1   3.5   510  
1986 08 1986.623   14.4   3.4   567  
1986 09 1986.707   13.5   3.4   505  
1986 10 1986.790   14.7   3.3   507  
1986 11 1986.874   16.6   3.3   515  
1986 12 1986.958   18.3   3.4   544  
1987 01 1987.042   19.9   3.5   487  
1987 02 1987.123   22.3   3.5   429  
1987 03 1987.204   25.5   3.6   501  
1987 04 1987.288   28.0   3.6   581  
1987 05 1987.371   30.3   3.7   566  
1987 06 1987.455   32.7   3.7   586  
1987 07 1987.538   36.2   3.9   645  
1987 08 1987.623   40.5   4.1   619  
1987 09 1987.707   45.3   4.3   609  
1987 10 1987.790   51.0   4.5   501  
1987 11 1987.874   55.1   4.7   417  
1987 12 1987.958   60.9   5.1   455  
1988 01 1988.042   69.2   5.6   484  
1988 02 1988.124   76.9   6.1   525  
1988 03 1988.206   84.9   6.6   516  
1988 04 1988.290   93.0   7.0   562  
1988 05 1988.373  101.4   7.4   582  
1988 06 1988.456  114.3   8.0   574  
1988 07 1988.540  128.5   8.9   605  
1988 08 1988.624  141.1   9.6   649  
1988 09 1988.708  151.2  10.1   551  
1988 10 1988.791  156.9  10.3   530  
1988 11 1988.874  164.4  10.6   488  
1988 12 1988.958  176.1  11.1   490  
1989 01 1989.042  184.8  11.4   536  
1989 02 1989.123  190.7  11.6   489  
1989 03 1989.204  198.0  12.0   573  
1989 04 1989.288  203.8  12.3   534  
1989 05 1989.371  209.5  12.6   668  
1989 06 1989.455  212.1  12.9   619  
1989 07 1989.538  212.0  12.8   673  
1989 08 1989.623  211.1  12.7   639  
1989 09 1989.707  210.5  12.6   585  
1989 10 1989.790  212.4  12.7   562  
1989 11 1989.874  212.5  12.7   550  
1989 12 1989.958  206.2  12.4   504  
1990 01 1990.042  201.2  12.1   516  
1990 02 1990.123  202.4  12.1   518  
1990 03 1990.204  200.9  11.8   592  
1990 04 1990.288  198.1  11.6   575  
1990 05 1990.371  195.1  11.5   691  
1990 06 1990.455  192.0  11.3   599  
1990 07 1990.538  190.1  11.3   661  
1990 08 1990.623  191.6  11.5   714  
1990 09 1990.707  194.6  11.7   622  
1990 10 1990.790  195.2  11.8   605  
1990 11 1990.874  195.2  11.8   536  
1990 12 1990.958  197.8  12.0   479  
1991 01 1991.042  202.8  12.3   552  
1991 02 1991.123  204.4  12.5   493  
1991 03 1991.204  203.9  12.6   546  
1991 04 1991.288  203.8  12.7   590  
1991 05 1991.371  202.9  12.7   625  
1991 06 1991.455  202.8  12.7   620  
1991 07 1991.538  203.5  12.7   661  
1991 08 1991.623  203.3  12.6   707  
1991 09 1991.707  200.9  12.5   621  
1991 10 1991.790  196.7  12.4   524  
1991 11 1991.874  191.4  12.2   487  
1991 12 1991.958  183.1  11.9   506  
1992 01 1992.042  172.6  11.5   566  
1992 02 1992.124  161.1  11.0   590  
1992 03 1992.206  151.8  10.5   537  
1992 04 1992.290  146.0  10.0   660  
1992 05 1992.373  142.1   9.7   746  
1992 06 1992.456  137.1   9.4   706  
1992 07 1992.540  128.5   8.8   761  
1992 08 1992.624  119.3   8.1   794  
1992 09 1992.708  113.0   7.6   764  
1992 10 1992.791  109.0   7.4   623  
1992 11 1992.874  106.3   7.2   559  
1992 12 1992.958  104.5   7.1   539  
1993 01 1993.042  101.9   6.9   583  
1993 02 1993.123   99.3   6.8   551  
1993 03 1993.204   95.4   6.7   739  
1993 04 1993.288   90.2   6.5   719  
1993 05 1993.371   84.2   6.3   752  
1993 06 1993.455   78.6   6.0   706  
1993 07 1993.538   76.5   5.9   699  
1993 08 1993.623   73.6   5.8   809  
1993 09 1993.707   68.3   5.5   709  
1993 10 1993.790   63.2   5.3   630  
1993 11 1993.874   58.4   5.1   551  
1993 12 1993.958   55.1   5.0   562  
1994 01 1994.042   52.6   4.9   582  
1994 02 1994.123   50.2   4.8   539  
1994 03 1994.204   49.4   4.8   728  
1994 04 1994.288   49.6   4.7   763  
1994 05 1994.371   48.7   4.6   789  
1994 06 1994.455   46.4   4.6   789  
1994 07 1994.538   42.7   4.4   865  
1994 08 1994.623   40.1   4.3   876  
1994 09 1994.707   39.7   4.2   735  
1994 10 1994.790   39.4   4.2   657  
1994 11 1994.874   38.7   4.1   591  
1994 12 1994.958   37.6   4.0   610  
1995 01 1995.042   35.6   3.9   630  
1995 02 1995.123   33.7   3.9   620  
1995 03 1995.204   32.0   3.9   706  
1995 04 1995.288   29.4   3.8   698  
1995 05 1995.371   27.3   3.7   781  
1995 06 1995.455   25.9   3.7   747  
1995 07 1995.538   24.4   3.6   842  
1995 08 1995.623   22.0   3.5   854  
1995 09 1995.707   19.0   3.4   708  
1995 10 1995.790   17.0   3.4   734  
1995 11 1995.874   15.9   3.3   594  
1995 12 1995.958   15.1   3.3   515  
1996 01 1996.042   14.5   3.3   535  
1996 02 1996.124   14.2   3.2   532  
1996 03 1996.206   13.7   3.2   621  
1996 04 1996.290   12.0   3.1   678  
1996 05 1996.373   11.2   3.1   676  
1996 06 1996.456   11.6   3.1   682  
1996 07 1996.540   11.3   3.1   766  
1996 08 1996.624   11.2   3.0   759  
1996 09 1996.708   11.3   3.0   656  
1996 10 1996.791   12.0   3.0   630  
1996 11 1996.874   13.4   3.0   536  
1996 12 1996.958   14.3   3.0   543  
1997 01 1997.042   14.5   3.1   497  
1997 02 1997.123   15.2   3.1   545  
1997 03 1997.204   18.3   3.3   627  
1997 04 1997.288   22.0   3.4   663  
1997 05 1997.371   24.4   3.5   716  
1997 06 1997.455   27.2   3.6   656  
1997 07 1997.538   30.4   3.7   700  
1997 08 1997.623   33.6   3.9   723  
1997 09 1997.707   38.2   4.1   661  
1997 10 1997.790   43.1   4.4   623  
1997 11 1997.874   47.1   4.7   465  
1997 12 1997.958   52.0   4.9   418  
1998 01 1998.042   58.4   5.1   521  
1998 02 1998.123   65.4   5.3   559  
1998 03 1998.204   72.0   5.7   571  
1998 04 1998.288   76.9   6.0   537  
1998 05 1998.371   80.8   6.2   620  
1998 06 1998.455   85.4   6.5   521  
1998 07 1998.538   89.8   6.8   597  
1998 08 1998.623   93.5   7.0   586  
1998 09 1998.707   96.4   7.2   502  
1998 10 1998.790   98.2   7.2   432  
1998 11 1998.874  102.3   7.3   472  
1998 12 1998.958  110.4   7.7   435  
1999 01 1999.042  118.4   8.0   475  
1999 02 1999.123  122.5   8.4   446  
1999 03 1999.204  122.3   8.6   518  
1999 04 1999.288  125.0   8.7   569  
1999 05 1999.371  132.6   9.1   630  
1999 06 1999.455  136.3   9.3   567  
1999 07 1999.538  138.1   9.4   594  
1999 08 1999.623  142.9   9.6   649  
1999 09 1999.707  150.5  10.0   624  
1999 10 1999.790  159.3  10.3   531  
1999 11 1999.874  164.1  10.4   406  
1999 12 1999.958  164.0  10.4   404  
2000 01 2000.042  166.1  10.5   450  
2000 02 2000.124  170.6  10.4   490  
2000 03 2000.206  174.3  10.4   456  
2000 04 2000.290  175.2  10.5   529  
2000 05 2000.373  172.9  10.3   551  
2000 06 2000.456  172.7  10.1   532  
2000 07 2000.540  174.2  10.0   507  
2000 08 2000.624  172.8   9.9   626  
2000 09 2000.708  168.8   9.8   558  
2000 10 2000.791  165.3   9.8   483  
2000 11 2000.874  163.1   9.7   380  
2000 12 2000.958  162.7   9.7   391  
2001 01 2001.042  158.3   9.6   437  
2001 02 2001.123  152.5   9.4   453  
2001 03 2001.204  155.1   9.5   485  
2001 04 2001.288  160.7   9.7   578  
2001 05 2001.371  163.7  10.0   578  
2001 06 2001.455  167.4  10.4   586  
2001 07 2001.538  172.0  10.6   645  
2001 08 2001.623  175.8  10.9   654  
2001 09 2001.707  177.1  10.9   518  
2001 10 2001.790  177.3  10.8   628  
2001 11 2001.874  180.3  10.8   509  
2001 12 2001.958  179.1  10.8   487  
2002 01 2002.042  177.6  10.7   500  
2002 02 2002.123  179.7  10.9   475  
2002 03 2002.204  178.2  10.8   580  
2002 04 2002.288  174.4  10.6   603  
2002 05 2002.371  171.3  10.2   595  
2002 06 2002.455  166.9   9.9   569  
2002 07 2002.538  161.5   9.6   628  
2002 08 2002.623  155.4   9.2   663  
2002 09 2002.707  149.5   8.9   554  
2002 10 2002.790  143.9   8.7   543  
2002 11 2002.874  136.0   8.5   470  
2002 12 2002.958  131.4   8.4   408  
2003 01 2003.042  129.6   8.2   482  
2003 02 2003.123  125.7   8.0   538  
2003 03 2003.204  118.7   7.7   633  
2003 04 2003.288  111.9   7.5   619  
2003 05 2003.371  107.0   7.5   606  
2003 06 2003.455  101.7   7.2   672  
2003 07 2003.538   96.0   6.9   677  
2003 08 2003.623   92.9   6.8   721  
2003 09 2003.707   91.8   6.7   685  
2003 10 2003.790   89.1   6.6   570  
2003 11 2003.874   86.9   6.5   443  
2003 12 2003.958   84.1   6.4   441  
2004 01 2004.042   80.1   6.4   491  
2004 02 2004.124   76.4   6.4   479  
2004 03 2004.206   73.2   6.3   594  
2004 04 2004.290   71.0   6.1   601  
2004 05 2004.373   69.5   5.9   614  
2004 06 2004.456   67.1   5.8   646  
2004 07 2004.540   64.8   5.8   709  
2004 08 2004.624   63.0   5.7   686  
2004 09 2004.708   60.2   5.6   604  
2004 10 2004.791   57.9   5.5   539  
2004 11 2004.874   56.6   5.4   477  
2004 12 2004.958   55.7   5.4   442  
2005 01 2005.042   54.5   5.1   536  
2005 02 2005.123   53.2   5.0   500  
2005 03 2005.204   52.3   4.9   607  
2005 04 2005.288   49.3   4.8   598  
2005 05 2005.371   45.0   4.7   641  
2005 06 2005.455   44.5   4.6   675  
2005 07 2005.538   44.6   4.6   678  
2005 08 2005.623   41.9   4.5   706  
2005 09 2005.707   39.4   4.5   691  
2005 10 2005.790   38.9   4.6   534  
2005 11 2005.874   38.4   4.6   499  
2005 12 2005.958   36.0   4.4   419  
2006 01 2006.042   33.0   4.2   511  
2006 02 2006.123   29.7   3.9   434  
2006 03 2006.204   27.4   3.7   502  
2006 04 2006.288   27.0   3.6   550  
2006 05 2006.371   27.4   3.6   566  
2006 06 2006.455   26.2   3.5   566  
2006 07 2006.538   25.0   3.5   628  
2006 08 2006.623   25.9   3.4   650  
2006 09 2006.707   26.0   3.3   567  
2006 10 2006.790   23.7   3.1   537  
2006 11 2006.874   21.1   2.9   444  
2006 12 2006.958   20.2   2.9   415  
2007 01 2007.042   19.8   2.9   474  
2007 02 2007.123   19.0   2.9   423  
2007 03 2007.204   17.7   2.8   611  
2007 04 2007.288   16.4   2.8   650  
2007 05 2007.371   14.4   2.8   615  
2007 06 2007.455   12.8   2.7   607  
2007 07 2007.538   11.6   2.7   703  
2007 08 2007.623    9.9   2.7   669  
2007 09 2007.707    9.6   2.6   637  
2007 10 2007.790    9.9   2.6   547  
2007 11 2007.874    9.2   2.6   437  
2007 12 2007.958    7.9   2.6   468  
2008 01 2008.042    6.6   2.5   480  
2008 02 2008.124    5.6   2.5   490  
2008 03 2008.206    5.1   2.5   548  
2008 04 2008.290    5.1   2.6   562  
2008 05 2008.373    5.4   2.6   637  
2008 06 2008.456    4.8   2.5   637  
2008 07 2008.540    4.0   2.4   664  
2008 08 2008.624    3.8   2.4   525  
2008 09 2008.708    3.2   2.4   605  
2008 10 2008.791    2.4   2.3   571  
2008 11 2008.874    2.3   2.3   445  
2008 12 2008.958    2.2   2.3   480  
2009 01 2009.042    2.5   2.3   317  
2009 02 2009.123    2.7   2.3   385  
2009 03 2009.204    2.9   2.3   523  
2009 04 2009.288    3.3   2.3   586  
2009 05 2009.371    3.5   2.3   610  
2009 06 2009.455    4.1   2.4   623  
2009 07 2009.538    5.5   2.5   671  
2009 08 2009.623    7.4   2.6   691  
2009 09 2009.707    9.5   2.7   628  
2009 10 2009.790   10.9   2.8   564  
2009 11 2009.874   11.7   2.9   452  
2009 12 2009.958   12.7   2.9   415  
2010 01 2010.042   14.0   3.0   413  
2010 02 2010.123   16.1   3.1   376  
2010 03 2010.204   18.5   3.2   564  
2010 04 2010.288   20.8   3.3   592  
2010 05 2010.371   23.1   3.4   573  
2010 06 2010.455   24.6   3.4   600  
2010 07 2010.538   25.2   3.4   718  
2010 08 2010.623   26.4   3.6   689  
2010 09 2010.707   29.5   3.9   505  
2010 10 2010.790   34.5   4.2   501  
2010 11 2010.874   39.1   4.4   404  
2010 12 2010.958   42.5   4.5   393  
2011 01 2011.042   45.7   4.6   417  
2011 02 2011.123   48.8   4.8   399  
2011 03 2011.204   53.8   5.1   566  
2011 04 2011.288   61.1   5.6   557  
2011 05 2011.371   69.3   6.1   607  
2011 06 2011.455   77.2   6.6   544  
2011 07 2011.538   83.6   6.9   549  
2011 08 2011.623   86.3   7.0   605  
2011 09 2011.707   86.6   7.0   535  
2011 10 2011.790   87.4   7.1   503  
2011 11 2011.874   89.4   7.2   434  
2011 12 2011.958   92.5   7.3   361  
2012 01 2012.042   95.5   7.4   386  
2012 02 2012.124   98.1   7.5   388  
2012 03 2012.206   98.3   7.5   500  
2012 04 2012.290   95.1   7.3   479  
2012 05 2012.373   90.9   7.0   543  
2012 06 2012.456   86.6   6.7   498  
2012 07 2012.540   84.5   6.5   601  
2012 08 2012.624   85.1   6.5   612  
2012 09 2012.708   85.3   6.5   511  
2012 10 2012.791   85.8   6.4   493  
2012 11 2012.874   87.7   6.5   382  
2012 12 2012.958   88.1   6.5   360  
2013 01 2013.042   86.8   6.4   362  
2013 02 2013.123   86.1   6.4   363  
2013 03 2013.204   84.4   6.2   429  
2013 04 2013.288   84.3   6.2   509  
2013 05 2013.371   87.0   6.5   487  
2013 06 2013.455   90.9   6.7   469  
2013 07 2013.538   94.6   7.0   575  
2013 08 2013.623   99.0   7.3   563  
2013 09 2013.707  104.6   7.7   446  
2013 10 2013.790  107.0   7.8   421  
2013 11 2013.874  106.9   7.8   321  
2013 12 2013.958  107.6   7.8   402  
2014 01 2014.042  109.3   7.9   398  
2014 02 2014.123  110.5   8.0   384  
2014 03 2014.204  114.3   8.2   493  
2014 04 2014.288  116.4   8.2   486  
2014 05 2014.371  115.0   8.2   493  
2014 06 2014.455  114.1   8.1   469  
2014 07 2014.538  112.6   8.0   477  
2014 08 2014.623  108.3   7.8   486  
2014 09 2014.707  101.9   7.4   419  
2014 10 2014.790   97.3   7.3   440  
2014 11 2014.874   94.7   7.4   397  
2014 12 2014.958   92.2   7.4   331  
2015 01 2015.042   89.3   7.3   546  
2015 02 2015.123   86.1   7.2   442  
2015 03 2015.204   82.1   7.0   628  
2015 04 2015.288   78.9   6.8   847  
2015 05 2015.371   76.1   6.6   895  
2015 06 2015.455   72.1   6.4   826  
2015 07 2015.538   68.3   6.2   977  
2015 08 2015.623   66.4   6.0   892  
2015 09 2015.707   65.9   6.0   862  
2015 10 2015.790   64.3   5.9   662  
2015 11 2015.874   61.2   5.5   622  
2015 12 2015.958   57.8   5.1   704  
2016 01 2016.042   54.4   4.9   634  
2016 02 2016.124   52.5   4.8   662  
2016 03 2016.206   50.4   4.6   873  
2016 04 2016.288   47.8   4.4   865  
2016 05 2016.373   44.8   4.2   878  
2016 06 2016.455   41.5   4.0   942  
2016 07 2016.540   38.5   3.8  1025  
2016 08 2016.624   36.0   3.6  1067  
2016 09 2016.706   33.2   3.5   900  
2016 10 2016.791   31.5   3.4   782  
2016 11 2016.873   29.9   3.3   689  
2016 12 2016.958   28.5   3.1   623  
2017 01 2017.042   27.8   3.1   830  
2017 02 2017.122   26.5   2.9   542  
2017 03 2017.204   25.7   2.9  1011  
2017 04 2017.286   24.8   2.8   920  
2017 05 2017.371   23.3   2.7  1101  
2017 06 2017.453   22.2   2.6  1136  
2017 07 2017.538   21.0   2.6  1093  
2017 08 2017.623   19.6   2.4  1002  
2017 09 2017.705   18.3   2.2   973  
2017 10 2017.790   16.7   2.1  1125  
2017 11 2017.873   15.4   1.9   997  
2017 12 2017.958   15.1   1.9   714  
2018 01 2018.042   14.2   1.9   701  
2018 02 2018.122   12.6   1.7   917  
2018 03 2018.204    9.9   1.4  1081  
2018 04 2018.286    7.8   1.1   996  
2018 05 2018.371    7.5   1.1  1234  
2018 06 2018.453    7.2   1.1  1070  
2018 07 2018.538    7.0   1.1  1438  
2018 08 2018.623    6.7   1.0  1297  
2018 09 2018.705    6.5   1.0  1223  
2018 10 2018.790    6.8   1.0  1097  
2018 11 2018.873    6.7   0.9   771  
2018 12 2018.958    6.0   0.8   786  
2019 01 2019.042    5.4   0.7   841  
2019 02 2019.122    5.0   0.7  1042  
2019 03 2019.204    4.6   0.7   995  
2019 04 2019.286    4.3   0.6  1039  
2019 05 2019.371    3.9   0.6  1159  
2019 06 2019.453    3.7   0.5  1273  
2019 07 2019.538    3.5   0.5  1214  
2019 08 2019.623    3.4   0.5  1344  
2019 09 2019.705    3.1   0.5  1225  
2019 10 2019.790    2.6   0.4  1065  
2019 11 2019.873    2.0   0.4   832  
2019 12 2019.958    1.8   0.4   855  
2020 01 2020.042    2.2   0.8   795  
2020 02 2020.124    2.7   1.4   967  
2020 03 2020.206    3.0   1.7  1055  
2020 04 2020.288    3.6   2.3  1234  
2020 05 2020.373    5.6   3.2  1363  
2020 06 2020.455    7.9   3.8  1196  
2020 07 2020.540    9.0   4.2  1548  
2020 08 2020.624    9.5   4.4  1587  
2020 09 2020.706   10.5   4.7  1244  
2020 10 2020.791   11.9   5.1  1215  
2020 11 2020.873   13.6   5.4  1238  
2020 12 2020.958   15.3   5.6   998  
2021 01 2021.042   17.3   6.0  1036  
2021 02 2021.122   19.0   6.4  1122  
2021 03 2021.204   21.7   6.8  1322  
2021 04 2021.286   24.8   7.1  1441  
2021 05 2021.371   25.8   7.1  1411  
2021 06 2021.453   27.6   7.7  1411  
2021 07 2021.538   31.4   8.4  1424  
2021 08 2021.623   35.4   8.9  1447  
2021 09 2021.705   40.2   9.5  1361  
2021 10 2021.790   45.2  10.2  1347  
2021 11 2021.873   50.8  11.0  1066  
2021 12 2021.958   55.9  11.7   845  
2022 01 2022.042   60.1  12.1  1176  
2022 02 2022.122   64.7  12.3  1146  
2022 03 2022.204   68.7  12.7  1413  
2022 04 2022.286   73.0  13.3  1376  
2022 05 2022.371   77.4  13.9  1401  
2022 06 2022.453   81.1  14.3  1403  
2022 07 2022.538   86.7  15.3  1487  
2022 08 2022.623   92.6  16.7  1470  
2022 09 2022.705   96.5  17.2  1264  
2022 10 2022.790   98.9  17.5  1215  
2022 11 2022.873  101.2  17.7  1047  
2022 12 2022.958  106.7  18.1   860  
