Title: Ca ii K Polar Network Index of the Sun: A Proxy for Historical Polar Magnetic Field

Authors: Mishra D.K., Jha B.K., Chatzistergos T., Ermolli I., Banerjee D., Upton L.A.

Description: The composite PNI series (1904 – 2022) merges results from Ca ii K data from KoSO and PSPT-R.
==============================================================================================================     

Description of file: pni_composite.txt
--------------------------------------------------------------------------------------------------------------
col1: Years 
col2: PNI North
col3: Error in PNI North 
col4: PNI South 
col5: Error in PNI South

Note: 
    PNI = Polar Network Index
    KoSO = Kodaikanal Solar Observatory
    PSPT-R = Rome/PSPT Observatory
--------------------------------------------------------------------------------------------------------------
        
1904     2000.05       154.06       1240.15       100.03
1905     2002.03       124.07       1348.05       202.00
1906     3323.86       439.50       886.16        83.65
1907     2516.68       89.17       -828.54        112.86
1908     2295.98       57.13       -1246.80       61.31
1909     2590.93       60.96       -2096.23       50.91
1910     3119.82       104.87      -2470.04       78.93
1911     3772.21       82.30       -3699.19       91.27
1912     4785.20       245.10      -3831.55       82.93
1913     3556.19       125.06      -4533.72       74.84
1914     4060.60       141.90      -3557.70       112.30
1915     2482.52       108.31      -3446.62       87.44
1916     2932.05       219.02      -2335.28       52.82
1917    -1759.60       77.33        1670.88       113.19
1918    -2553.44       220.02       1679.72       56.67
1919    -2811.78       208.76       2419.64       95.25
1920    -3145.94       99.79        3463.51       88.26
1921    -4976.48       130.44       3676.87       69.14
1922    -5064.29       372.38       2747.10       118.72
1923    -4222.89       219.10       4478.00       59.75
1924    -2922.47       228.56       4063.38       51.20
1925    -2451.67       265.97       3160.01       66.65
1926    -1698.14       95.42        1905.83       55.53
1927    -1917.15       97.52       -1805.49       162.33
1928     1382.70       65.94       -1883.46       45.30
1929     1932.21       89.56       -1924.59       40.22
1930     2564.85       169.19      -1771.24       48.04
1931     3523.10       231.71      -3067.38       56.37
1932     3335.27       157.54      -4003.23       63.51
1933     4738.95       409.23      -3859.75       70.34
1934     3983.01       81.21       -3769.09       58.36
1935     3165.16       102.18      -3051.77       43.60
1936     2349.49       52.47       -2740.96       51.61
1937     1602.66       47.69        1017.16       29.83
1938    -1356.48       39.87        1525.36       43.93
1939    -1775.03       46.16        1320.35       35.36
1940    -2518.49       56.15        1882.36       55.20
1941    -3196.31       289.92       2622.21       79.72
1942    -3920.38       221.45       2684.13       67.14
1943    -5931.26       362.25       3489.97       98.17
1944    -5444.49       191.65       4824.91       578.87
1945    -5269.19       268.32       2788.95       164.44
1946    -2029.67       75.64        1357.30       61.89
1947     879.83         87.82       804.42        47.22
1948     1487.13       540.26       1314.27       53.37
1949     1555.65       364.16       629.42        27.85
1950     2262.73       73.42       -576.12        28.72
1951     4269.65       95.22       -2175.44       80.39
1952     6331.33       142.64      -3323.28       91.79
1953     5923.53       134.46      -3752.73       82.65
1954     7315.55       447.85      -3841.39       201.00
1955     5007.22       137.02      -4131.90       140.15
1956     2882.08       108.00      -2575.09       74.56
1957     1160.91       61.62       -1541.99       70.71
1958    -1032.83       46.42       -1317.15       48.52
1959    -1650.27       145.40      -1394.68       189.26
1960    -4432.70       450.85       468.81        22.05
1961    -4530.94       319.69       2388.07       154.82
1962    -5220.76       447.68       2474.14       154.33
1963    -5632.97       424.00       1954.65       148.52
1964    -4605.69       293.64       2093.32       87.27
1965    -3768.81       279.69       3430.87       175.85
1966    -3140.43       342.60       2170.28       169.08
1967    -2260.76       218.10       2381.23       169.66
1968    -1931.38       264.69       1764.47       65.69
1969    -2197.87       151.66       1874.04       78.72
1970    -2129.64       536.17      -1363.36       175.73
1971     1098.60       50.64       -1772.18       90.76
1972     1962.17       124.94      -1270.15       87.44
1973     2681.62       336.89      -2721.34       103.04
1974     3082.41       321.40      -4986.55       213.55
1975     2158.84       181.85      -4674.88       326.40
1976     3427.79       228.31      -5208.41       207.32
1977     2836.38       559.98      -4820.35       204.08
1978     2527.43       338.99      -3879.60       212.22
1979     1005.66       258.85      -1740.53       119.67
1980    -600.12        61.68       -602.23        55.06
1981    -131.33        71.32        187.62        125.86
1982    -337.72        104.88       1388.39       377.58
1983    -1876.20       180.40       1050.67       218.16
1984    -3583.54       411.14       3339.64       578.95
1985    -3714.88       323.04       4427.83       218.16
1986    -3752.40       306.26       4052.59       469.87
1987    -4502.88       360.80       4878.12       377.58
1988    -4071.35       293.67       2589.16       394.36
1989    -2983.16       415.34       1200.77       218.16
1990    -2176.39       369.19       112.57        67.12
1991     75.05         41.95        65.03         32.12
1992     373.76        114.17      -498.35        156.56
1993     2958.95       713.58      -1993.39       455.56
1994     2725.34       492.38      -2772.06       794.57
1995     1806.51       259.91      -2990.09       644.27
1996     2242.57       539.70      -3441.72       649.39
1997     2102.41       455.74      -1899.95       414.16
1998     3254.84       487.42      -1339.31       563.61
1999     1572.91       256.37      -1962.25       579.64
2000     981.12        247.52      -840.96        307.33
2001    -992.79        25.61       -208.92        12.91
2002    -1045.68       27.44        198.38        13.30
2003    -1457.40       25.78        274.09        12.08
2004    -1599.25       72.57        904.19        35.48
2005    -1554.55       55.23        1035.28       39.47
2006    -2162.02       64.56        1239.14       46.53
2007    -2428.17       96.48        1213.22       42.77
2008    -2421.58       61.62        1263.66       97.54
2009    -1869.79       54.79        1587.99       63.38
2010    -1463.29       35.30        1126.21       82.46
2011    -1817.84       30.03        853.16        39.92
2012    -843.87        44.95        814.00        39.49
2013    -759.83        35.38        890.60        75.69
2014     704.78        33.26       -516.73        22.68
2015     811.82        42.90       -821.41        38.17
2016     1262.89       42.19       -1244.29       50.25
2017     1659.26       65.85       -1512.17       49.87
2018     2078.16       51.45       -1671.86       90.08
2019     2274.80       52.51       -1372.37       43.27
2020     2140.08       58.97       -1500.26       63.13
2021     1811.51       53.70       -1574.11       102.35
2022     1817.84       50.07       -993.35        55.01
