Title: Ca ii K Polar Network Index of the Sun: A Proxy for Historical Polar Magnetic Field

Authors: Mishra D.K., Jha B.K., Chatzistergos T., Ermolli I., Banerjee D., Upton L.A.

Description: The polar magnetic fields (1904-2022) obtained from PNI_KoSO and PNI_PSPT−R calibrated with WSO and AFT polar fields.
=======================================================================================================================     

Description of file: polar_field.txt
-----------------------------------------------------------------------------------------------------------------------
col1: Years 
col2: Polar Field North derived from PNI (calibrated with WSO)
col3: Error in Polar Field North derived from PNI (calibrated with WSO)
col4: Polar Field South derived from PNI (calibrated with WSO)
col5: Error in Polar Field South derived from PNI (calibrated with WSO)
col6: Polar Field North derived from PNI (calibrated with AFT)
col7: Error in Polar Field North derived from PNI (calibrated with AFT)
col8: Polar Field South derived from PNI (calibrated with AFT)
col9: Error in Polar Field South derived from PNI (calibrated with AFT)

Note: 
    PNI = Polar Network Index
    KoSO = Kodaikanal Solar Observatory
    PSPT-R = Rome/PSPT Observatory
    WSO = Wilcox Solar Observatory
    AFT = Advective Flux Transport model
---------------------------------------------------------------------------------------------------------------------------


1904     0.84       0.06       0.52       0.04     4.20       0.32       2.60       0.21
1905     0.84       0.05       0.57       0.08     4.20       0.26       2.83       0.42
1906     1.40       0.18       0.37       0.04     6.98       0.92       1.86       0.18
1907     1.06       0.04      -0.35       0.05     5.29       0.19      -1.74       0.24
1908     0.96       0.02      -0.52       0.03     4.82       0.12      -2.62       0.13
1909     1.09       0.03      -0.88       0.02     5.44       0.13      -4.40       0.11
1910     1.31       0.04      -1.04       0.03     6.55       0.22      -5.19       0.17
1911     1.58       0.03      -1.55       0.04     7.92       0.17      -7.77       0.19
1912     2.01       0.10      -1.61       0.03     10.05      0.51      -8.05       0.17
1913     1.49       0.05      -1.90       0.03     7.47       0.26      -9.52       0.16
1914     1.71       0.06      -1.49       0.05     8.53       0.30      -7.47       0.24
1915     1.04       0.05      -1.45       0.04     5.21       0.23      -7.24       0.18
1916     1.23       0.09      -0.98       0.02     6.16       0.46      -4.90       0.11
1917    -0.74       0.03       0.70       0.05    -3.70       0.16       3.51       0.24
1918    -1.07       0.09       0.71       0.02    -5.36       0.46       3.53       0.12
1919    -1.18       0.09       1.02       0.04    -5.90       0.44       5.08       0.20
1920    -1.32       0.04       1.45       0.04    -6.61       0.21       7.27       0.19
1921    -2.09       0.05       1.54       0.03    -10.45      0.27       7.72       0.15
1922    -2.13       0.16       1.15       0.05    -10.64      0.78       5.77       0.25
1923    -1.77       0.09       1.88       0.03    -8.87       0.46       9.40       0.13
1924    -1.23       0.10       1.71       0.02    -6.14       0.48       8.53       0.11
1925    -1.03       0.11       1.33       0.03    -5.15       0.56       6.64       0.14
1926    -0.71       0.04       0.80       0.02    -3.57       0.20       4.00       0.12
1927    -0.81       0.04      -0.76       0.07    -4.03       0.20      -3.79       0.34
1928     0.58       0.03      -0.79       0.02     2.90       0.14      -3.96       0.10
1929     0.81       0.04      -0.81       0.02     4.06       0.19      -4.04       0.08
1930     1.08       0.07      -0.74       0.02     5.39       0.36      -3.72       0.10
1931     1.48       0.10      -1.29       0.02     7.40       0.49      -6.44       0.12
1932     1.40       0.07      -1.68       0.03     7.00       0.33      -8.41       0.13
1933     1.99       0.17      -1.62       0.03     9.95       0.86      -8.11       0.15
1934     1.67       0.03      -1.58       0.02     8.36       0.17      -7.92       0.12
1935     1.33       0.04      -1.28       0.02     6.65       0.21      -6.41       0.09
1936     0.99       0.02      -1.15       0.02     4.93       0.11      -5.76       0.11
1937     0.67       0.02       0.43       0.01     3.37       0.10       2.14       0.06
1938    -0.57       0.02       0.64       0.02    -2.85       0.08       3.20       0.09
1939    -0.75       0.02       0.55       0.01    -3.73       0.10       2.77       0.07
1940    -1.06       0.02       0.79       0.02    -5.29       0.12       3.95       0.12
1941    -1.34       0.12       1.10       0.03    -6.71       0.61       5.51       0.17
1942    -1.65       0.09       1.13       0.03    -8.23       0.47       5.64       0.14
1943    -2.49       0.15       1.47       0.04    -12.46      0.76       7.33       0.21
1944    -2.29       0.08       2.03       0.24    -11.43      0.40       10.13      1.22
1945    -2.21       0.11       1.17       0.07    -11.07      0.56       5.86       0.35
1946    -0.85       0.03       0.57       0.03    -4.26       0.16       2.85       0.13
1947     0.37       0.04       0.34       0.02     1.85       0.18       1.69       0.10
1948     0.62       0.23       0.55       0.02     3.12       1.13       2.76       0.11
1949     0.65       0.15       0.26       0.01     3.27       0.76       1.32       0.06
1950     0.95       0.03      -0.24       0.01     4.75       0.15      -1.21       0.06
1951     1.79       0.04      -0.91       0.03     8.97       0.20      -4.57       0.17
1952     2.66       0.06      -1.40       0.04     13.30      0.30      -6.98       0.19
1953     2.49       0.06      -1.58       0.03     12.44      0.28      -7.88       0.17
1954     3.07       0.19      -1.61       0.08     15.36      0.94      -8.07       0.42
1955     2.10       0.06      -1.74       0.06     10.52      0.29      -8.68       0.29
1956     1.21       0.05      -1.08       0.03     6.05       0.23      -5.41       0.16
1957     0.49       0.03      -0.65       0.03     2.44       0.13      -3.24       0.15
1958    -0.43       0.02      -0.55       0.02    -2.17       0.10      -2.77       0.10
1959    -0.69       0.06      -0.59       0.08    -3.47       0.31      -2.93       0.40
1960    -1.86       0.19       0.20       0.01    -9.31       0.95       0.98       0.05
1961    -1.90       0.13       1.00       0.07    -9.51       0.67       5.01       0.33
1962    -2.19       0.19       1.04       0.06    -10.96      0.94       5.20       0.32
1963    -2.37       0.18       0.82       0.06    -11.83      0.89       4.10       0.31
1964    -1.93       0.12       0.88       0.04    -9.67       0.62       4.40       0.18
1965    -1.58       0.12       1.44       0.07    -7.91       0.59       7.20       0.37
1966    -1.32       0.14       0.91       0.07    -6.59       0.72       4.56       0.36
1967    -0.95       0.09       1.00       0.07    -4.75       0.46       5.00       0.36
1968    -0.81       0.11       0.74       0.03    -4.06       0.56       3.71       0.14
1969    -0.92       0.06       0.79       0.03    -4.62       0.32       3.94       0.17
1970    -0.89       0.23      -0.57       0.07    -4.47       1.13      -2.86       0.37
1971     0.46       0.02      -0.74       0.04     2.31       0.11      -3.72       0.19
1972     0.82       0.05      -0.53       0.04     4.12       0.26      -2.67       0.18
1973     1.13       0.14      -1.14       0.04     5.63       0.71      -5.71       0.22
1974     1.29       0.13      -2.09       0.09     6.47       0.67      -10.47      0.45
1975     0.91       0.08      -1.96       0.14     4.53       0.38      -9.82       0.69
1976     1.44       0.10      -2.19       0.09     7.20       0.48      -10.94      0.44
1977     1.19       0.24      -2.02       0.09     5.96       1.18      -10.12      0.43
1978     1.06       0.14      -1.63       0.09     5.31       0.71      -8.15       0.45
1979     0.42       0.11      -0.73       0.05     2.11       0.54      -3.66       0.25
1980    -0.25       0.03      -0.25       0.02    -1.26       0.13      -1.26       0.12
1981    -0.06       0.03       0.08       0.05     0.28       0.15       0.39       0.26
1982    -0.14       0.04       0.58       0.16    -0.71       0.22       2.92       0.79
1983    -0.79       0.08       0.44       0.09    -3.94       0.38       2.21       0.46
1984    -1.51       0.17       1.40       0.24    -7.53       0.86       7.01       1.22
1985    -1.56       0.14       1.86       0.09    -7.80       0.68       9.30       0.46
1986    -1.58       0.13       1.70       0.20    -7.88       0.64       8.51       0.99
1987    -1.89       0.15       2.05       0.16    -9.46       0.76       10.24      0.79
1988    -1.71       0.12       1.09       0.17    -8.55       0.62       5.44       0.83
1989    -1.25       0.17       0.50       0.09    -6.26       0.87       2.52       0.46
1990     0.91       0.16       0.05       0.03    -4.57       0.78       0.24       0.14
1991     0.03       0.02       0.03       0.01    -0.16       0.09       0.14       0.07
1992     0.16       0.05      -0.21       0.07     0.78       0.24      -1.05       0.33
1993     1.24       0.30      -0.84       0.19     6.21       1.50      -4.19       0.96
1994     1.14       0.21      -1.16       0.33     5.72       1.03      -5.82       1.67
1995     0.76       0.11      -1.26       0.27     3.79       0.55      -6.28       1.35
1996     0.94       0.23      -1.45       0.27     4.71       1.13      -7.23       1.36
1997     0.88       0.19      -0.80       0.17     4.42       0.96      -3.99       0.87
1998     1.37       0.20      -0.56       0.24     6.84       1.02      -2.81       1.18
1999     0.66       0.11      -0.82       0.24     3.30       0.54      -4.12       1.22
2000     0.41       0.10      -0.35       0.13     2.06       0.52      -1.77       0.65
2001    -0.42       0.01      -0.09       0.01    -2.08       0.05      -0.44       0.03
2002    -0.44       0.01       0.08       0.01    -2.20       0.06       0.42       0.03
2003    -0.61       0.01       0.12       0.01    -3.06       0.05       0.58       0.03
2004    -0.67       0.03       0.38       0.01    -3.36       0.15       1.90       0.07
2005    -0.65       0.02       0.43       0.02    -3.26       0.12       2.17       0.08
2006    -0.91       0.03       0.52       0.02    -4.54       0.14       2.60       0.10
2007    -1.02       0.04       0.51       0.02    -5.10       0.20       2.55       0.09
2008    -1.02       0.03       0.53       0.04    -5.09       0.13       2.65       0.20
2009    -0.79       0.02       0.67       0.03    -3.93       0.12       3.33       0.13
2010    -0.61       0.01       0.47       0.03    -3.07       0.07       2.37       0.17
2011    -0.76       0.01       0.36       0.02    -3.82       0.06       1.79       0.08
2012    -0.35       0.02       0.34       0.02    -1.77       0.09       1.71       0.08
2013    -0.32       0.01       0.37       0.03    -1.60       0.07       1.87       0.16
2014     0.30       0.01      -0.22       0.01     1.48       0.07      -1.09       0.05
2015     0.34       0.02      -0.34       0.02     1.70       0.09      -1.72       0.08
2016     0.53       0.02      -0.52       0.02     2.65       0.09      -2.61       0.11
2017     0.70       0.03      -0.64       0.02     3.48       0.14      -3.18       0.10
2018     0.87       0.02      -0.70       0.04     4.36       0.11      -3.51       0.19
2019     0.96       0.02      -0.58       0.02     4.78       0.11      -2.88       0.09
2020     0.90       0.02      -0.63       0.03     4.49       0.12      -3.15       0.13
2021     0.76       0.02      -0.66       0.04     3.80       0.11      -3.31       0.21
2022     0.76       0.02      -0.42       0.02     3.82       0.11      -2.09       0.12
